[[8.43935, 3.01029, 3.38147, 0.05182],
[8.26558, 3.05278, 3.66668, 0.04879],
[8.08672, 3.08829, 3.99289, 0.04567],
[7.90355, 3.11752, 4.0, 0.04637],
[7.7168, 3.14119, 4.0, 0.04706],
[7.5272, 3.16003, 4.0, 0.04763],
[7.33541, 3.17474, 4.0, 0.04809],
[7.14197, 3.18595, 4.0, 0.04844],
[6.94735, 3.19423, 4.0, 0.0487],
[6.75188, 3.20006, 4.0, 0.04889],
[6.55582, 3.20385, 4.0, 0.04902],
[6.35935, 3.20596, 4.0, 0.04912],
[6.16259, 3.2067, 4.0, 0.04919],
[5.96563, 3.20637, 4.0, 0.04924],
[5.76852, 3.20523, 4.0, 0.04928],
[5.5713, 3.20345, 4.0, 0.04931],
[5.374, 3.20121, 4.0, 0.04933],
[5.17505, 3.19858, 4.0, 0.04974],
[4.97482, 3.19625, 4.0, 0.05006],
[4.7741, 3.1942, 4.0, 0.05018],
[4.57315, 3.19241, 4.0, 0.05024],
[4.37212, 3.19089, 4.0, 0.05026],
[4.17104, 3.18963, 4.0, 0.05027],
[3.96995, 3.1886, 4.0, 0.05027],
[3.76885, 3.18785, 4.0, 0.05027],
[3.56776, 3.18737, 4.0, 0.05027],
[3.36667, 3.18723, 4.0, 0.05027],
[3.16558, 3.18748, 4.0, 0.05027],
[2.9645, 3.18823, 4.0, 0.05027],
[2.767, 3.18834, 3.95374, 0.04995],
[2.57181, 3.18691, 3.50462, 0.0557],
[2.37972, 3.18299, 3.12204, 0.06154],
[2.19127, 3.1757, 2.77351, 0.068],
[2.00696, 3.1642, 2.46194, 0.07501],
[1.82722, 3.14773, 2.14836, 0.08401],
[1.65284, 3.12518, 1.90076, 0.09251],
[1.48458, 3.09547, 1.60102, 0.10672],
[1.32329, 3.05752, 1.60102, 0.1035],
[1.17005, 3.01005, 1.60102, 0.1002],
[1.02623, 2.95169, 1.60102, 0.09694],
[0.89404, 2.88058, 1.60102, 0.09375],
[0.77624, 2.79519, 1.60102, 0.09088],
[0.67913, 2.69318, 1.72418, 0.08169],
[0.6005, 2.5801, 1.81546, 0.07587],
[0.53883, 2.45932, 1.86991, 0.07252],
[0.49331, 2.33309, 1.72372, 0.07785],
[0.46313, 2.20314, 1.58412, 0.08421],
[0.44777, 2.07085, 1.58412, 0.08408],
[0.44713, 1.93731, 1.58412, 0.0843],
[0.46234, 1.80363, 1.58412, 0.08493],
[0.49473, 1.67118, 1.58412, 0.08607],
[0.54795, 1.5423, 1.58412, 0.08802],
[0.62663, 1.42132, 1.8093, 0.07976],
[0.7254, 1.30942, 2.00671, 0.07438],
[0.84116, 1.207, 2.21542, 0.06976],
[0.97144, 1.11408, 2.47611, 0.06463],
[1.11377, 1.03013, 2.70413, 0.06111],
[1.26646, 0.95486, 2.94946, 0.05772],
[1.42796, 0.88788, 3.21408, 0.0544],
[1.59678, 0.82869, 3.49565, 0.05118],
[1.77157, 0.77673, 3.78893, 0.04813],
[1.95114, 0.73143, 4.0, 0.0463],
[2.1344, 0.69223, 4.0, 0.04685],
[2.32052, 0.65878, 4.0, 0.04728],
[2.50861, 0.63037, 4.0, 0.04755],
[2.69803, 0.60658, 4.0, 0.04773],
[2.88828, 0.58702, 4.0, 0.04781],
[3.07897, 0.57137, 4.0, 0.04783],
[3.26976, 0.55938, 4.0, 0.04779],
[3.46043, 0.55084, 4.0, 0.04771],
[3.65077, 0.54552, 4.0, 0.04761],
[3.84067, 0.54323, 4.0, 0.04748],
[4.03002, 0.54376, 4.0, 0.04734],
[4.21876, 0.54698, 4.0, 0.04719],
[4.40686, 0.55268, 4.0, 0.04705],
[4.59434, 0.5606, 4.0, 0.04691],
[4.78125, 0.57046, 4.0, 0.04679],
[4.96764, 0.58196, 4.0, 0.04669],
[5.15358, 0.59487, 4.0, 0.0466],
[5.33912, 0.60895, 4.0, 0.04652],
[5.52029, 0.62381, 4.0, 0.04544],
[5.70023, 0.63691, 4.0, 0.0451],
[5.87917, 0.64789, 4.0, 0.04482],
[6.05734, 0.65625, 4.0, 0.04459],
[6.23489, 0.66152, 4.0, 0.04441],
[6.41189, 0.66326, 4.0, 0.04425],
[6.58836, 0.66112, 4.0, 0.04412],
[6.76427, 0.65482, 4.0, 0.04401],
[6.9396, 0.64421, 4.0, 0.04391],
[7.11426, 0.62934, 4.0, 0.04382],
[7.28813, 0.61046, 4.0, 0.04372],
[7.46095, 0.58796, 4.0, 0.04357],
[7.63235, 0.56236, 4.0, 0.04333],
[7.80193, 0.53428, 3.33195, 0.05159],
[7.96951, 0.50442, 2.85192, 0.05968],
[8.13557, 0.47356, 2.47562, 0.06823],
[8.28586, 0.44612, 2.17672, 0.07019],
[8.43501, 0.42144, 1.95745, 0.07723],
[8.58213, 0.40161, 1.70296, 0.08717],
[8.72643, 0.38847, 1.46848, 0.09867],
[8.86712, 0.38376, 1.3, 0.10829],
[9.00334, 0.38927, 1.3, 0.10487],
[9.1341, 0.40675, 1.3, 0.10148],
[9.25837, 0.43766, 1.3, 0.09851],
[9.37417, 0.48478, 1.3, 0.09617],
[9.47805, 0.55213, 1.3, 0.09523],
[9.56436, 0.64413, 1.60016, 0.07883],
[9.63662, 0.75205, 1.74666, 0.07436],
[9.69488, 0.87319, 1.88058, 0.07148],
[9.73892, 1.00522, 2.02877, 0.06861],
[9.76881, 1.14568, 2.1333, 0.06731],
[9.78428, 1.29229, 2.22742, 0.06619],
[9.78535, 1.4427, 2.29394, 0.06557],
[9.7721, 1.59463, 2.28822, 0.06665],
[9.745, 1.74604, 2.13553, 0.07203],
[9.70477, 1.89525, 1.9143, 0.08072],
[9.65229, 2.04097, 1.9143, 0.08091],
[9.58774, 2.18197, 1.9143, 0.08101],
[9.51133, 2.3171, 1.9143, 0.08109],
[9.422, 2.44446, 1.9143, 0.08126],
[9.31851, 2.56165, 1.9143, 0.08167],
[9.19824, 2.66442, 2.15017, 0.07357],
[9.06505, 2.75444, 2.36942, 0.06785],
[8.92115, 2.83302, 2.59959, 0.06307],
[8.76816, 2.90129, 2.82723, 0.05926],
[8.60723, 2.96012, 3.07084, 0.0558]]